\begin{tabular}{l|rrrrrrr|r}
\toprule
 & DP & DI & SPSF & FPSF & EOFP & EOTP & BA & Diff(\%)  \\
\midrule
DP & 1.00 & 0.99 & 1.00 & 0.67 & 0.67 & 0.67 & 1.00 & 5.88  \\
DI & 0.99 & 1.00 & 0.99 & 0.71 & 0.71 & 0.62 & 0.99 & 5.13  \\
SPSF & 1.00 & 0.99 & 1.00 & 0.67 & 0.67 & 0.67 & 1.00 & 5.88  \\
FPSF & 0.67 & 0.71 & 0.67 & 1.00 & 1.00 & -0.10 & 0.68 & 6.43  \\
EOFP & 0.67 & 0.71 & 0.67 & 1.00 & 1.00 & -0.10 & 0.68 & 6.43  \\
EOTP & 0.67 & 0.62 & 0.67 & -0.10 & -0.10 & 1.00 & 0.66 & 11.18  \\
BA & 1.00 & 0.99 & 1.00 & 0.68 & 0.68 & 0.66 & 1.00 & 5.58  \\
\bottomrule
\end{tabular}

