\begin{tabular}{l|rrrrrrr|r}
\toprule
 & DP & DI & SPSF & FPSF & EOFP & EOTP & BA & Diff(\%)  \\
\midrule
DP & 1.00 & 0.99 & 1.00 & 0.96 & 0.96 & 0.93 & 1.00 & 9.40  \\
DI & 0.99 & 1.00 & 0.99 & 0.95 & 0.95 & 0.93 & 1.00 & 7.86  \\
SPSF & 1.00 & 0.99 & 1.00 & 0.96 & 0.96 & 0.93 & 1.00 & 9.40  \\
FPSF & 0.96 & 0.95 & 0.96 & 1.00 & 1.00 & 0.79 & 0.96 & 9.55  \\
EOFP & 0.96 & 0.95 & 0.96 & 1.00 & 1.00 & 0.79 & 0.96 & 9.55  \\
EOTP & 0.93 & 0.93 & 0.93 & 0.79 & 0.79 & 1.00 & 0.93 & 9.54  \\
BA & 1.00 & 1.00 & 1.00 & 0.96 & 0.96 & 0.93 & 1.00 & 9.06  \\
\bottomrule
\end{tabular}

