\begin{tabular}{l|rrrrrrr|r}
\toprule
 & DP & DI & SPSF & FPSF & EOFP & EOTP & BA & Diff(\%)  \\
\midrule
DP & 1.00 & 0.99 & 1.00 & 0.94 & 0.94 & 0.83 & 1.00 & 9.25  \\
DI & 0.99 & 1.00 & 0.99 & 0.92 & 0.92 & 0.84 & 1.00 & 8.34  \\
SPSF & 1.00 & 0.99 & 1.00 & 0.94 & 0.94 & 0.83 & 1.00 & 9.25  \\
FPSF & 0.94 & 0.92 & 0.94 & 1.00 & 1.00 & 0.58 & 0.93 & 11.54  \\
EOFP & 0.94 & 0.92 & 0.94 & 1.00 & 1.00 & 0.58 & 0.93 & 11.54  \\
EOTP & 0.83 & 0.84 & 0.83 & 0.58 & 0.58 & 1.00 & 0.84 & 11.09  \\
BA & 1.00 & 1.00 & 1.00 & 0.93 & 0.93 & 0.84 & 1.00 & 9.29  \\
\bottomrule
\end{tabular}

