\begin{tabular}{l|rrrrrrr|r}
\toprule
 & DP & DI & SPSF & FPSF & EOFP & EOTP & BA & Diff(\%)  \\
\midrule
DP & 1.00 & 0.99 & 1.00 & -0.29 & -0.18 & -0.18 & -1.00 & 13.61  \\
DI & 0.99 & 1.00 & 0.99 & -0.26 & -0.14 & -0.14 & -1.00 & 13.01  \\
SPSF & 1.00 & 0.99 & 1.00 & -0.29 & -0.18 & -0.18 & -1.00 & 13.61  \\
FPSF & -0.29 & -0.26 & -0.29 & 1.00 & 0.99 & 0.99 & 0.26 & 47.69  \\
EOFP & -0.18 & -0.14 & -0.18 & 0.99 & 1.00 & 1.00 & 0.15 & 47.75  \\
EOTP & -0.18 & -0.14 & -0.18 & 0.99 & 1.00 & 1.00 & 0.15 & 47.75  \\
BA & -1.00 & -1.00 & -1.00 & 0.26 & 0.15 & 0.15 & 1.00 & 42.19  \\
\bottomrule
\end{tabular}

