\begin{tabular}{l|rrrrrrr|r}
\toprule
 & DP & DI & SPSF & FPSF & EOFP & EOTP & BA & Diff(\%)  \\
\midrule
DP & 1.00 & 0.35 & 1.00 & 0.18 & 0.17 & 0.42 & 0.14 & 1.67  \\
DI & 0.35 & 1.00 & 0.35 & -0.84 & -0.84 & 0.70 & 0.94 & 5.96  \\
SPSF & 1.00 & 0.35 & 1.00 & 0.18 & 0.17 & 0.42 & 0.14 & 1.67  \\
FPSF & 0.18 & -0.84 & 0.18 & 1.00 & 0.99 & -0.50 & -0.91 & 7.93  \\
EOFP & 0.17 & -0.84 & 0.17 & 0.99 & 1.00 & -0.51 & -0.92 & 8.69  \\
EOTP & 0.42 & 0.70 & 0.42 & -0.50 & -0.51 & 1.00 & 0.67 & 6.50  \\
BA & 0.14 & 0.94 & 0.14 & -0.91 & -0.92 & 0.67 & 1.00 & 22.19  \\
\bottomrule
\end{tabular}

