\begin{tabular}{l|rrrrrrr|r}
\toprule
 & DP & DI & SPSF & FPSF & EOFP & EOTP & BA & Diff(\%)  \\
\midrule
DP & 1.00 & -0.91 & 1.00 & 0.89 & 0.84 & 0.76 & -0.63 & 6.22  \\
DI & -0.91 & 1.00 & -0.91 & -0.76 & -0.71 & -0.74 & 0.74 & 7.19  \\
SPSF & 1.00 & -0.91 & 1.00 & 0.89 & 0.84 & 0.76 & -0.63 & 6.22  \\
FPSF & 0.89 & -0.76 & 0.89 & 1.00 & 0.97 & 0.42 & -0.38 & 8.74  \\
EOFP & 0.84 & -0.71 & 0.84 & 0.97 & 1.00 & 0.39 & -0.33 & 10.67  \\
EOTP & 0.76 & -0.74 & 0.76 & 0.42 & 0.39 & 1.00 & -0.71 & 14.45  \\
BA & -0.63 & 0.74 & -0.63 & -0.38 & -0.33 & -0.71 & 1.00 & 18.32  \\
\bottomrule
\end{tabular}

