\begin{tabular}{l|rrrrrrr|r}
\toprule
 & DP & DI & SPSF & FPSF & EOFP & EOTP & BA & Diff(\%)  \\
\midrule
DP & 1.00 & -0.08 & 1.00 & 0.48 & 0.45 & 0.02 & -0.83 & 4.45  \\
DI & -0.08 & 1.00 & -0.08 & 0.46 & 0.54 & -0.79 & 0.50 & 5.39  \\
SPSF & 1.00 & -0.08 & 1.00 & 0.48 & 0.45 & 0.02 & -0.83 & 4.45  \\
FPSF & 0.48 & 0.46 & 0.48 & 1.00 & 0.99 & -0.57 & -0.14 & 8.10  \\
EOFP & 0.45 & 0.54 & 0.45 & 0.99 & 1.00 & -0.66 & -0.06 & 9.04  \\
EOTP & 0.02 & -0.79 & 0.02 & -0.57 & -0.66 & 1.00 & -0.41 & 14.69  \\
BA & -0.83 & 0.50 & -0.83 & -0.14 & -0.06 & -0.41 & 1.00 & 30.16  \\
\bottomrule
\end{tabular}

