\begin{tabular}{l|rrrrrrr|r}
\toprule
 & DP & DI & SPSF & FPSF & EOFP & EOTP & BA & Diff(\%)  \\
\midrule
DP & 1.00 & 0.40 & 1.00 & 0.73 & 0.71 & 0.32 & -0.17 & 10.20  \\
DI & 0.40 & 1.00 & 0.40 & 0.13 & 0.02 & -0.40 & -0.15 & 5.18  \\
SPSF & 1.00 & 0.40 & 1.00 & 0.73 & 0.71 & 0.32 & -0.17 & 10.20  \\
FPSF & 0.73 & 0.13 & 0.73 & 1.00 & 0.97 & 0.32 & 0.16 & 20.89  \\
EOFP & 0.71 & 0.02 & 0.71 & 0.97 & 1.00 & 0.33 & 0.23 & 21.48  \\
EOTP & 0.32 & -0.40 & 0.32 & 0.32 & 0.33 & 1.00 & -0.03 & 21.04  \\
BA & -0.17 & -0.15 & -0.17 & 0.16 & 0.23 & -0.03 & 1.00 & 41.37  \\
\bottomrule
\end{tabular}

