\begin{tabular}{l|rrrrrrr|r}
\toprule
 & DP & DI & SPSF & FPSF & EOFP & EOTP & BA & Diff(\%)  \\
\midrule
DP & 1.00 & 0.59 & 1.00 & 0.45 & 0.34 & -0.22 & -0.37 & 1.64  \\
DI & 0.59 & 1.00 & 0.59 & 0.79 & 0.79 & -0.36 & -0.29 & 2.18  \\
SPSF & 1.00 & 0.59 & 1.00 & 0.45 & 0.34 & -0.22 & -0.37 & 1.64  \\
FPSF & 0.45 & 0.79 & 0.45 & 1.00 & 0.97 & 0.01 & -0.07 & 2.72  \\
EOFP & 0.34 & 0.79 & 0.34 & 0.97 & 1.00 & -0.06 & 0.05 & 3.42  \\
EOTP & -0.22 & -0.36 & -0.22 & 0.01 & -0.06 & 1.00 & 0.29 & 4.74  \\
BA & -0.37 & -0.29 & -0.37 & -0.07 & 0.05 & 0.29 & 1.00 & 4.27  \\
\bottomrule
\end{tabular}

