\begin{tabular}{l|rrrrrrr|r}
\toprule
 & DP & DI & SPSF & FPSF & EOFP & EOTP & BA & Diff(\%)  \\
\midrule
DP & 1.00 & 0.57 & 1.00 & 0.58 & 0.74 & 0.74 & -0.51 & 35.86  \\
DI & 0.57 & 1.00 & 0.57 & 0.99 & 0.96 & 0.96 & 0.39 & 14.76  \\
SPSF & 1.00 & 0.57 & 1.00 & 0.58 & 0.74 & 0.74 & -0.51 & 35.86  \\
FPSF & 0.58 & 0.99 & 0.58 & 1.00 & 0.97 & 0.97 & 0.37 & 46.84  \\
EOFP & 0.74 & 0.96 & 0.74 & 0.97 & 1.00 & 1.00 & 0.15 & 46.64  \\
EOTP & 0.74 & 0.96 & 0.74 & 0.97 & 1.00 & 1.00 & 0.15 & 46.64  \\
BA & -0.51 & 0.39 & -0.51 & 0.37 & 0.15 & 0.15 & 1.00 & 195.90  \\
\bottomrule
\end{tabular}

