\begin{tabular}{l|rrrrrrr|r}
\toprule
 & DP & DI & SPSF & FPSF & EOFP & EOTP & BA & Diff(\%)  \\
\midrule
DP & 1.00 & 0.96 & 1.00 & 0.96 & 0.79 & 0.79 & 0.97 & 4.84  \\
DI & 0.96 & 1.00 & 0.96 & 0.97 & 0.90 & 0.90 & 0.91 & 2.79  \\
SPSF & 1.00 & 0.96 & 1.00 & 0.96 & 0.79 & 0.79 & 0.97 & 4.84  \\
FPSF & 0.96 & 0.97 & 0.96 & 1.00 & 0.91 & 0.91 & 0.90 & 9.34  \\
EOFP & 0.79 & 0.90 & 0.79 & 0.91 & 1.00 & 1.00 & 0.71 & 8.97  \\
EOTP & 0.79 & 0.90 & 0.79 & 0.91 & 1.00 & 1.00 & 0.71 & 8.97  \\
BA & 0.97 & 0.91 & 0.97 & 0.90 & 0.71 & 0.71 & 1.00 & 87.91  \\
\bottomrule
\end{tabular}

