\begin{tabular}{l|rrrrrrr|r}
\toprule
 & DP & DI & SPSF & FPSF & EOFP & EOTP & BA & Diff(\%)  \\
\midrule
DP & 1.00 & 0.80 & 1.00 & 0.64 & 0.62 & 0.01 & 0.22 & 0.99  \\
DI & 0.80 & 1.00 & 0.80 & 0.37 & 0.38 & -0.28 & 0.02 & 1.59  \\
SPSF & 1.00 & 0.80 & 1.00 & 0.64 & 0.62 & 0.01 & 0.22 & 0.99  \\
FPSF & 0.64 & 0.37 & 0.64 & 1.00 & 0.94 & 0.25 & 0.19 & 2.65  \\
EOFP & 0.62 & 0.38 & 0.62 & 0.94 & 1.00 & 0.27 & 0.09 & 2.91  \\
EOTP & 0.01 & -0.28 & 0.01 & 0.25 & 0.27 & 1.00 & 0.08 & 2.51  \\
BA & 0.22 & 0.02 & 0.22 & 0.19 & 0.09 & 0.08 & 1.00 & 2.05  \\
\bottomrule
\end{tabular}

