\begin{tabular}{l|rrrrrrr|r}
\toprule
 & DP & DI & SPSF & FPSF & EOFP & EOTP & BA & Diff(\%)  \\
\midrule
DP & 1.00 & 0.78 & 1.00 & 0.66 & 0.64 & 0.21 & 0.23 & 2.13  \\
DI & 0.78 & 1.00 & 0.78 & 0.39 & 0.35 & 0.38 & 0.36 & 2.08  \\
SPSF & 1.00 & 0.78 & 1.00 & 0.66 & 0.64 & 0.21 & 0.23 & 2.13  \\
FPSF & 0.66 & 0.39 & 0.66 & 1.00 & 0.98 & 0.13 & 0.46 & 2.71  \\
EOFP & 0.64 & 0.35 & 0.64 & 0.98 & 1.00 & 0.18 & 0.55 & 2.72  \\
EOTP & 0.21 & 0.38 & 0.21 & 0.13 & 0.18 & 1.00 & 0.22 & 3.56  \\
BA & 0.23 & 0.36 & 0.23 & 0.46 & 0.55 & 0.22 & 1.00 & 3.57  \\
\bottomrule
\end{tabular}

