\begin{tabular}{l|rrrrrrr|r}
\toprule
 & DP & DI & SPSF & FPSF & EOFP & EOTP & BA & Diff(\%)  \\
\midrule
DP & 1.00 & 0.82 & 1.00 & 0.52 & 0.21 & -0.17 & -0.06 & 1.22  \\
DI & 0.82 & 1.00 & 0.82 & 0.10 & -0.05 & -0.23 & -0.01 & 1.52  \\
SPSF & 1.00 & 0.82 & 1.00 & 0.52 & 0.21 & -0.17 & -0.06 & 1.22  \\
FPSF & 0.52 & 0.10 & 0.52 & 1.00 & 0.69 & 0.05 & 0.04 & 1.99  \\
EOFP & 0.21 & -0.05 & 0.21 & 0.69 & 1.00 & -0.01 & 0.27 & 2.33  \\
EOTP & -0.17 & -0.23 & -0.17 & 0.05 & -0.01 & 1.00 & 0.17 & 2.15  \\
BA & -0.06 & -0.01 & -0.06 & 0.04 & 0.27 & 0.17 & 1.00 & 6.53  \\
\bottomrule
\end{tabular}

