\begin{tabular}{l|rrrrrrr|r}
\toprule
 & DP & DI & SPSF & FPSF & EOFP & EOTP & BA & Diff(\%)  \\
\midrule
DP & 1.00 & -0.18 & 1.00 & 0.83 & 0.89 & -0.34 & 0.45 & 1.29  \\
DI & -0.18 & 1.00 & -0.18 & 0.05 & -0.46 & -0.31 & -0.63 & 2.18  \\
SPSF & 1.00 & -0.18 & 1.00 & 0.83 & 0.89 & -0.34 & 0.45 & 1.29  \\
FPSF & 0.83 & 0.05 & 0.83 & 1.00 & 0.83 & -0.30 & 0.30 & 2.23  \\
EOFP & 0.89 & -0.46 & 0.89 & 0.83 & 1.00 & -0.19 & 0.65 & 3.56  \\
EOTP & -0.34 & -0.31 & -0.34 & -0.30 & -0.19 & 1.00 & -0.17 & 3.87  \\
BA & 0.45 & -0.63 & 0.45 & 0.30 & 0.65 & -0.17 & 1.00 & 3.91  \\
\bottomrule
\end{tabular}

