\begin{tabular}{l|rrrrrrr|r}
\toprule
 & DP & DI & SPSF & FPSF & EOFP & EOTP & BA & Diff(\%)  \\
\midrule
DP & 1.00 & 0.94 & 1.00 & 0.54 & 0.56 & 0.31 & 0.25 & 1.30  \\
DI & 0.94 & 1.00 & 0.94 & 0.36 & 0.41 & 0.36 & 0.22 & 1.35  \\
SPSF & 1.00 & 0.94 & 1.00 & 0.54 & 0.56 & 0.31 & 0.25 & 1.30  \\
FPSF & 0.54 & 0.36 & 0.54 & 1.00 & 0.92 & -0.11 & 0.18 & 1.93  \\
EOFP & 0.56 & 0.41 & 0.56 & 0.92 & 1.00 & -0.06 & 0.04 & 1.61  \\
EOTP & 0.31 & 0.36 & 0.31 & -0.11 & -0.06 & 1.00 & 0.19 & 3.74  \\
BA & 0.25 & 0.22 & 0.25 & 0.18 & 0.04 & 0.19 & 1.00 & 2.16  \\
\bottomrule
\end{tabular}

