\begin{tabular}{l|rrrrrrr|r}
\toprule
 & DP & DI & SPSF & FPSF & EOFP & EOTP & BA & Diff(\%)  \\
\midrule
DP & 1.00 & 0.23 & 1.00 & -0.08 & 0.28 & 0.07 & 0.17 & 1.54  \\
DI & 0.23 & 1.00 & 0.23 & 0.45 & 0.18 & -0.84 & 0.03 & 1.89  \\
SPSF & 1.00 & 0.23 & 1.00 & -0.08 & 0.28 & 0.07 & 0.17 & 1.54  \\
FPSF & -0.08 & 0.45 & -0.08 & 1.00 & 0.83 & -0.34 & 0.16 & 2.49  \\
EOFP & 0.28 & 0.18 & 0.28 & 0.83 & 1.00 & 0.03 & 0.28 & 2.11  \\
EOTP & 0.07 & -0.84 & 0.07 & -0.34 & 0.03 & 1.00 & -0.15 & 9.03  \\
BA & 0.17 & 0.03 & 0.17 & 0.16 & 0.28 & -0.15 & 1.00 & 4.02  \\
\bottomrule
\end{tabular}

